200
557
0.515010955957
-0.254877071025
0.416359098207
-0.586589049701
0.124495476322
-0.946614801502
0.478362368008
-0.469175555423
-0.161016434453
-0.25901724571
0.916854575886
-0.271443529339
-0.787576599421
-0.299045521681
-0.355628411325
0.415542713142
-0.0422081146835
0.731092011187
0.674961598796
0.390395918465
0.916790606299
-0.953904779923
-0.955934070852
0.851517776614
0.849007387495
0.985347638901
0.693847360086
-0.985490322732
-0.0480877613123
-0.076858300984
-0.191544018344
-0.773952742492
-0.311113337727
0.746095405894
-0.22431999522
-0.364426799464
0.342859255661
-0.71565461179
0.237365322928
-0.0407066056295
-0.919029861641
0.958743197183
-0.527320120613
-0.475023106848
0.478199617919
0.145489936053
-0.887633706167
-0.262640666342
0.620433053768
-0.857441696729
-0.508905761917
-0.901857837882
0.343442153198
-0.818689924418
-0.164716613203
0.994526628137
0.450815774865
-0.341033010325
0.364363397837
-0.245256495054
-0.447871561896
0.588019586192
0.59610457744
-0.491108427816
0.212247058175
0.535911622467
-0.731949996328
-0.20678008383
-0.792571894881
0.4002580015
0.42842790336
-0.137804910667
-0.865491829208
0.790192267625
-0.27121644306
-0.0687722753037
-0.952688279925
-0.740129786452
-0.45603454697
0.807632784253
0.773726049697
0.900759053185
0.0629839096157
0.230685348114
0.841232328918
-0.857375744667
0.291201899946
-0.229095799746
0.28601635741
0.558394422099
0.783622480248
0.420182514223
0.756776692011
-0.493680483814
-0.0334956601685
0.315755315137
-0.626321174714
0.483217759009
0.072859072349
0.52093640076
-0.95193366112
-0.145367516062
-0.0209153701858
-0.93555190327
-0.53887396984
0.321006154098
-0.410108640246
0.377637766612
-0.900752792753
0.238047506435
-0.0150448329061
-0.566928499375
-0.616474617576
0.249251168898
0.651791078691
0.474812069882
0.920295460851
0.506305306857
0.500174040103
-0.899366220802
0.906702548262
-0.575945646017
0.651032100932
-0.477697659628
-0.615769723361
0.165388751597
0.773980374156
-0.025622750699
0.543676401734
0.814969991418
-0.0824957625643
-0.748621100923
0.167998746618
0.888033889416
-0.329355084215
-0.463505858599
0.72221753092
0.249113664221
-0.0699240584127
-0.219222193461
0.46861701631
-0.540367811194
-0.725282861385
-0.24305809388
0.232624247433
0.945975290306
0.419172861322
-0.780888074431
0.468710431941
-0.105415271115
-0.000599607202608
0.562495341271
0.0639725085536
0.0200437786629
0.855212155115
-0.609817101015
-0.0860539587338
-0.257544769098
-0.307652314622
-0.295910477226
0.0453171416053
0.34155279136
-0.563561346316
-0.859254882057
-0.628151111653
-0.789597274321
-0.666194405196
-0.080853994816
0.00302078663231
0.00507950620593
-0.608504005246
0.816036034828
0.34629524615
-0.0288190726362
0.367238566703
-0.0671169254031
-0.727890114192
0.425304757547
-0.808347585261
-0.431927448498
0.989019756215
-0.713725515781
0.230547033499
-0.151621755949
-0.0026896514061
0.597400140537
-0.393587398245
-0.618431262669
0.849872587667
0.552022464069
-0.174312463081
0.185962568836
-0.363557252511
0.978506856832
-0.880032258468
-0.137977926555
0.543158762944
-0.796673502758
0.15933462191
-0.205279605575
0
0
0.350409904391
1
1
-0.490306918347
2
2
-0.481561471919
3
3
0.368002801828
4
4
-0.421775921584
5
5
0.648485870188
6
6
0.976922116472
7
7
-0.882547369911
8
8
0.0797895863082
9
9
-0.479018953292
10
10
-0.109566418312
11
11
-0.0464543605249
12
12
-0.644302726107
13
13
-0.788632392045
14
14
-0.570598571956
15
15
-0.455095330128
16
16
0.896564092283
17
17
-0.860600056712
18
18
0.927178911127
19
19
0.512647707422
20
20
-0.593019180887
21
21
0.91528093298
22
22
-0.725970977398
23
23
0.281459904115
24
24
0.331373475201
25
25
-0.445625697045
26
26
-0.246656858236
27
27
0.0601817057368
28
28
-0.466365339656
29
29
0.412906424113
30
30
-0.608370431274
31
31
-0.91850334217
32
32
-0.28892671015
33
33
-0.74569405527
34
34
0.825064992263
35
35
-0.858521776121
36
36
-0.951185506986
37
37
-0.443402434996
38
38
0.861375364192
39
39
-0.223723179374
40
40
-0.396260352628
41
41
-0.513867937093
42
42
0.766741487554
43
43
-0.264661497633
44
44
0.926365672466
45
45
0.859777040522
46
46
-0.098936018691
47
47
-0.138387859153
48
48
0.325340959544
49
49
-0.0643265018602
50
50
-0.0598369952614
51
51
-0.673739108748
52
52
0.698305905746
53
53
-0.480956772538
54
54
-0.910908295902
55
55
0.954340614255
56
56
0.0341002483273
57
57
-0.673379897374
58
58
-0.471197984032
59
59
-0.17140702211
60
60
0.0481522641816
61
61
0.247652053164
62
62
0.589479806058
63
63
-0.315563471004
64
64
0.0459678768192
65
65
0.837332167709
66
66
-0.388290898123
67
67
0.0519999302304
68
68
0.526775807341
69
69
-0.286487712147
70
70
0.168255216438
71
71
0.745059859047
72
72
-0.896949465103
73
73
0.60256516684
74
74
0.425150465615
75
75
-0.382821820068
76
76
-0.235880923849
77
77
0.64374745761
78
78
-0.465219588912
79
79
0.383178490944
80
80
0.247957533694
81
81
0.0924377117394
82
82
-0.121708861609
83
83
0.033051976182
84
84
0.0332090913
85
85
-0.70658315405
86
86
-0.908876772295
87
87
-0.509101958487
88
88
-0.319398397704
89
89
-0.611490715545
90
90
0.305575616446
91
91
0.304593639208
92
92
0.353590374271
93
93
0.848184358272
94
94
0.163147758089
95
95
0.599961723995
96
96
0.503843113613
97
97
-0.936553252869
98
98
0.801875970411
99
99
-0.741288504494
100
100
-0.115672280802
101
101
-0.358920385287
102
102
-0.78638177096
103
103
0.932006636567
104
104
0.129164889438
105
105
-0.66638217107
106
106
0.520596720523
107
107
0.901849086091
108
108
-0.180465217233
109
109
0.614772409063
110
110
-0.760994251775
111
111
0.129595675998
112
112
0.0581934983317
113
113
-0.572072364744
114
114
0.0145975637076
115
115
-0.0503504641575
116
116
-0.546597545475
117
117
-0.0428918133152
118
118
0.773540325424
119
119
-0.630498197867
120
120
0.71069380285
121
121
-0.318432064192
122
122
0.023051577426
123
123
-0.463034585016
124
124
-0.110014905024
125
125
-0.678382865947
126
126
0.580770250208
127
127
-0.351678917735
128
128
0.831270499006
129
129
0.463767063688
130
130
0.0802845126412
131
131
0.891279380571
132
132
-0.508511178789
133
133
0.727645363562
134
134
0.646202241961
135
135
-0.948221595256
136
136
0.147511304755
137
137
0.967242545616
138
138
-0.314597301261
139
139
-0.390701592247
140
140
-0.070015861748
141
141
0.966985900425
142
142
0.0827464655461
143
143
-0.646680209644
144
144
-0.17322971429
145
145
-0.0148253936626
146
146
0.124458186236
147
147
-0.0477635140697
148
148
0.787368634192
149
149
0.434749637904
150
150
-0.374344148224
151
151
-0.33495645246
152
152
-0.909267591414
153
153
0.730966454452
154
154
-0.940575599111
155
155
-0.575959350037
156
156
0.00879859449579
157
157
0.417635365622
158
158
-0.484538350638
159
159
-0.762115510795
160
160
-0.684411731833
161
161
0.0670840888624
162
162
0.977031443802
163
163
-0.172688506498
164
164
-0.87338439805
165
165
-0.786855266024
166
166
0.971409703452
167
167
-0.71965851851
168
168
0.541697507286
169
169
0.360745266402
170
170
-0.226965242294
171
171
-0.16415505441
172
172
-0.0469386426191
173
173
-0.0373922198349
174
174
-0.449636859845
175
175
-0.762242348986
176
176
0.345908677075
177
177
0.147700477376
178
178
0.57823815037
179
179
-0.543897658067
180
180
-0.276985203227
181
181
0.47097223917
182
182
0.895591016492
183
183
0.0652160628952
184
184
-0.43401667753
185
185
0.752104588207
186
186
0.512988807957
187
187
-0.942921899084
188
188
0.921001818853
189
189
0.0673880168211
190
190
0.740336956702
191
191
-0.324752507106
192
192
-0.0360526349432
193
193
-0.483309926999
194
194
0.357864897636
195
195
-0.999861790744
196
196
-0.489256451466
197
197
0.600172579804
198
198
-0.810172647222
199
199
-0.503395514873
0
8
-0.246995633138
0
1
-0.599960594153
0
5
-0.0884230759469
0
9
0.895664496852
1
9
0.893961134261
1
2
0.785092498099
1
3
-0.0766322106532
1
4
-0.785117115825
2
4
0.704157610564
2
9
-0.17689657157
3
4
0.00537128536856
3
5
-0.0178072578757
4
6
-0.666072950655
5
6
-0.576134463368
5
7
-0.188360921849
6
8
0.463158516335
6
7
0.619277459556
7
8
-0.998882125942
7
9
0.257409034915
8
9
-0.736139285329
0
19
0.707692405469
2
12
0.697339236456
3
20
0.590731691458
4
13
0.861277965408
5
17
-0.959976543816
6
20
0.721202519643
8
13
0.0970422726699
10
11
0.804377656824
10
12
0.888009933081
10
14
-0.668874917302
10
19
-0.580699240466
11
14
-0.117449415752
11
16
-0.126595910893
11
18
-0.50710579119
12
14
0.231898940016
12
15
-0.627894836352
13
17
-0.572427777547
13
18
-0.0907647718813
14
15
-0.236690051046
14
18
0.500000264137
15
16
0.0574081263112
15
17
0.287552853167
16
18
0.381510235546
16
19
0.474352649646
16
17
-0.871836282965
17
18
0.0937684707878
18
19
-0.284539786428
10
29
0.152965572098
11
23
-0.935843753268
12
25
-0.117905798301
13
27
-0.872923521656
14
22
0.754799016432
16
30
-0.977552267612
18
24
-0.304777284531
20
28
-0.187962832389
20
21
0.200242222107
20
27
-0.191451596553
20
29
0.423341271623
21
22
-0.96059565607
21
24
0.666508326298
21
27
0.280827733575
21
29
0.00367560057908
22
23
-0.978176310796
22
24
0.693386342397
23
24
0.268302087478
23
25
-0.586303964001
23
26
0.625881444157
24
26
-0.656561279757
25
27
-0.91685758073
25
28
0.666239126295
25
29
0.455850889348
26
28
0.124477653101
27
28
0.623461513668
27
29
0.204547987079
22
34
0.606924902196
23
37
-0.973095905669
24
40
0.117736246686
25
34
0.946110689232
26
33
0.274089839761
28
32
-0.62300519297
29
36
-0.00245258501366
30
38
-0.935470484133
30
31
0.658708026631
30
32
0.307695266602
30
37
0.789811852108
30
39
0.772693948557
31
39
0.442367991928
31
32
-0.816211910194
31
33
0.171929967911
31
36
0.390843931421
32
33
0.677410659275
32
34
-0.597233234268
33
38
-0.71152870274
33
34
0.321775960069
34
35
0.681633555113
34
36
-0.852058770743
34
37
-0.847939179765
35
38
0.403826274967
35
36
-0.307687915318
36
37
0.827344008568
38
39
0.307725704248
30
41
0.159691316769
31
45
0.120470762224
32
46
0.115016924609
33
48
0.71747372732
34
45
0.370702905181
35
46
-0.80238283006
36
46
0.454041453381
37
46
0.690478836294
38
42
0.234998748138
39
49
-0.930680849288
40
48
-0.342068112298
40
41
0.939417172192
40
42
0.277504872318
40
49
-0.399962079162
41
42
0.843368006207
41
43
-0.143941526167
42
44
0.0894951509083
42
47
0.476834836153
43
44
0.232619969035
43
45
0.791511723144
43
49
0.692717038016
44
45
0.255416691735
44
46
-0.971637811523
44
47
0.62801726659
45
46
0.306203174088
45
47
0.388918160387
46
48
9.63061869304e-05
46
49
-0.755650063403
47
48
0.649233714971
48
49
-0.563850568019
40
58
0.449021498598
41
56
-0.0104241896314
42
59
-0.23408861371
43
53
0.776285739283
44
54
0.232854026696
45
59
0.525016850801
46
52
-0.737856841611
47
56
-0.693165701183
49
59
0.460010887442
50
51
0.427954763407
50
57
0.374316978825
50
59
-0.805512118923
51
59
-0.19927653661
51
52
-0.783991027442
51
53
-0.256424754185
51
58
0.354601347224
52
53
-0.536224012801
52
56
-0.846628983762
53
54
0.850987294954
53
55
-0.116433143073
53
56
-0.905216970171
54
59
-0.26434604432
54
56
0.384937180728
55
56
0.23723057352
55
57
-0.404005442504
56
58
0.780295783084
57
58
-0.339353832722
57
59
0.705709658143
58
59
-0.893360218016
51
69
-0.974943675867
55
68
0.54178945833
56
70
-0.784849003554
58
64
-0.639067198629
59
65
-0.833798624801
60
62
-0.82464681277
60
64
-0.751957576596
60
69
0.040469978498
61
68
-0.976005984666
61
69
-0.557233137457
61
62
0.396152914165
61
63
0.523228702811
61
65
0.663324118947
62
64
-0.413023212723
62
65
0.168303867876
63
64
0.941807801703
63
65
-0.737992910404
64
67
0.967077870046
64
69
-0.488478659673
65
68
0.858488754481
66
68
-0.761270653049
66
67
-0.841579990625
67
68
-0.318210601964
67
69
-0.55438547479
68
69
-0.903989907369
60
75
0.962625455221
62
72
0.8736360212
63
77
-0.992577396733
64
72
0.131013972097
65
72
0.9860537566
66
77
0.590767454625
67
80
-0.851409357781
68
70
0.300223993056
69
73
0.0980544094633
70
78
-0.81488431795
70
71
0.654268519714
70
74
-0.380112029081
71
79
-0.120561268572
71
72
0.48671714885
71
73
-0.380531209781
71
76
-0.904558271899
72
73
-0.491943553982
72
74
-0.120374597968
72
79
0.827663666585
73
75
0.766683805492
73
79
-0.901045247919
74
75
0.80582264827
74
77
-0.482379275957
75
76
0.474163384513
75
77
0.871228200645
76
78
0.0587794535942
77
78
-0.479269388433
77
79
-0.730335384822
78
79
0.2169061299
70
84
-0.435860408128
72
90
0.983647858697
73
90
0.542217639143
74
89
0.929784986811
75
85
-0.360642119643
76
87
-0.411044876843
77
81
-0.96938446754
78
80
-0.465142147189
79
89
0.994562617661
80
81
-0.355348978617
80
82
0.635207129724
80
83
-0.271750317998
80
89
-0.376547744228
81
83
0.26087216033
82
83
-0.351703016909
82
84
0.805291357642
82
86
-0.335790855349
83
84
-0.69773534961
83
85
-0.520297636059
83
87
0.6506966664
84
85
-0.937635340161
84
87
-0.59087983191
85
89
0.938093912763
85
86
0.630789398575
85
87
-0.00179051722038
86
87
0.647327013682
87
88
-0.23230837159
87
89
-0.449184538175
88
89
-0.186737470128
81
100
-0.0618484267402
82
92
0.743701697795
85
100
0.933158316337
86
93
-0.0688390923968
87
100
-0.210186518563
88
98
0.526626668322
89
92
-0.42231621717
90
92
-0.353454869902
90
94
-0.392055404983
90
96
0.0781365634762
90
99
-0.725438803504
91
92
-0.612329214258
91
93
0.30500055556
92
93
0.0625662457996
92
94
0.974756927351
92
97
-0.112427055033
92
98
0.777595011598
93
95
-0.401009469946
93
99
-0.427259309769
94
98
0.247064889589
95
98
0.760338116191
95
96
0.0475675658911
96
98
0.544248436977
96
97
-0.413455677083
97
98
-0.294321730069
97
99
0.504930258361
98
99
-0.340884623947
90
110
0.622802374307
91
100
-0.11579934728
92
109
0.263245760503
93
110
0.804583269347
94
100
-0.203586060608
95
109
-0.798356646684
96
100
0.235237657274
98
108
-0.701449770499
99
101
0.260253278426
100
108
-0.326817070773
100
101
0.590390997247
100
102
0.224563254642
100
106
0.451775556758
100
109
-0.389400950683
101
102
-0.79934775124
102
104
-0.93080981189
102
105
0.943382210753
102
106
0.825326978715
102
107
0.581065885745
102
109
-0.140327066923
103
104
0.428181557277
103
105
-0.345030405172
104
109
-0.825123830789
104
105
0.602052326415
105
106
0.366391384433
105
108
-0.0181338589666
106
107
-0.85289376088
107
108
-0.269721231413
108
109
-0.145016659337
100
118
0.979523500063
101
114
0.627201859568
102
119
0.0379890080651
103
110
0.649584765078
104
117
0.10478184537
105
117
0.904990524811
106
112
-0.709437601987
107
110
-0.281531127438
108
114
0.399709209874
110
118
-0.623247339885
110
111
0.685571191191
110
112
-0.810544138084
110
119
-0.987056504067
111
119
-0.973578582501
111
112
0.877789788184
111
113
0.0572224795407
112
113
-0.0407125263917
112
114
-0.469495402903
113
114
-0.598438758555
113
115
0.943514574436
114
115
-0.892363980169
114
116
0.102124267242
115
116
-0.503473799892
115
117
-0.168161851826
116
118
-0.685443499753
116
117
-0.901638581427
117
118
-0.272427366422
117
119
0.0415762335748
118
119
0.695666326996
110
127
0.289243730081
111
130
-0.454223609914
112
127
-0.222939148042
113
128
0.726247879548
114
125
0.843360706749
115
128
-0.659283468911
116
120
0.448598876354
117
127
-0.103168013416
119
128
0.770551373045
120
128
0.360129739926
120
121
-0.80589631129
120
123
-0.859659079562
120
129
0.349486480907
121
129
-0.915529253314
121
122
0.532305457267
121
123
-0.836182740705
122
123
-0.66578258559
122
124
0.0465435213313
123
124
-0.895152654739
123
125
0.547076309304
124
128
-0.27045845731
124
126
0.781719024685
125
128
0.814497918077
125
127
-0.940103070659
126
128
0.468567013685
126
127
0.92446036342
127
128
-0.798590246303
127
129
0.324464721841
128
129
0.499919629685
120
138
0.574544209367
121
131
0.928779411525
122
133
0.45841733876
124
132
0.808013351603
125
135
0.0995772701941
126
134
-0.340410877121
127
135
0.863271032107
128
130
0.228646545352
129
133
-0.180591034403
130
138
0.358929714327
130
131
0.907685620684
130
132
-0.966351464357
130
139
0.729404038148
131
139
-0.534166391388
131
132
0.926267667278
131
133
-0.699026603632
131
136
0.174844395568
132
133
0.343354562533
132
135
0.324059749859
133
134
0.391382492129
133
135
-0.530636601607
133
139
0.965790336164
134
137
-0.267822725501
134
138
0.850522123807
135
136
-0.241033326256
136
138
0.907900930829
137
138
0.203052386034
137
139
-0.486081060673
138
139
-0.228667657035
130
144
0.687378698464
131
141
-0.260996774801
132
148
-0.628730998988
134
148
0.663398563656
135
145
-0.25096359398
136
143
-0.903521838568
137
146
-0.00645575871234
140
142
0.0717352101836
140
143
0.00449055853767
140
149
-0.807719579625
141
142
0.15944721308
141
143
-0.618160028464
141
145
0.748947733342
141
146
0.204231306477
141
149
-0.515751414616
142
143
-0.131118644742
142
147
-0.370571066975
143
144
0.213136774124
143
145
-0.0540721762145
143
148
-0.793595902083
144
149
0.359186499264
144
146
0.234921456154
145
147
-0.660586028961
145
148
0.625253209615
146
147
0.446838934842
147
148
0.652634741061
148
149
0.817104531589
140
157
0.646372367294
141
153
0.705366005649
142
160
-0.0991951194703
143
152
0.79839754992
144
160
0.505877167416
145
151
-0.992602778168
146
152
-0.664481313848
148
152
0.149213654301
150
158
0.924596088028
150
151
-0.136849499344
150
155
0.763642064687
150
159
-0.280935367255
151
153
-0.129445523932
151
156
0.539194361534
152
153
0.952029065242
152
154
0.132885351183
153
154
0.0158103471912
153
155
-0.810844523891
153
157
0.977143651026
154
155
0.645089399144
154
157
-0.125765254563
154
159
-0.597973370956
155
156
0.533812334823
155
158
0.718136071306
156
158
0.521480951114
156
159
-0.322033660834
156
157
-0.858752801475
158
159
0.21703126275
151
162
0.180638213415
152
167
-0.348920000306
154
167
0.778276399052
155
168
0.228966875562
156
161
0.607324869446
157
160
-0.138732515584
158
168
0.401207222883
159
164
-0.862661040796
160
161
0.998716144023
160
162
-0.91134203853
160
169
-0.295072030222
161
169
-0.71117225021
161
163
0.0946988612598
161
165
0.963532875716
162
164
-0.307276922427
162
165
-0.183994070434
163
168
-0.989472009259
163
164
-0.0999635614064
163
165
-0.586416259587
164
168
0.206974221601
164
165
0.232005217696
164
166
-0.0631175060645
165
166
0.731052734422
165
168
0.764072247895
166
168
-0.478205329636
166
167
0.368476319372
167
168
0.368647675128
167
169
-0.849898834803
160
173
-0.709293095341
161
172
0.604627305516
162
174
0.433507399684
163
172
0.328940634693
164
172
0.863248510173
165
180
0.872711202751
168
179
-0.16707081871
169
172
0.513744473172
170
171
0.541230688582
170
172
-0.0428899801186
170
173
-0.356589122776
170
177
0.535675806714
170
179
-0.490554619621
171
172
0.933144733819
171
173
-0.966844968096
171
175
-0.319606617652
172
173
-0.12569722598
172
175
-0.618952235444
172
176
-0.48868903232
173
174
0.501354165199
174
178
-0.796287805365
174
176
-0.812743675956
175
177
-0.118368541189
176
178
-0.275753789533
176
179
0.783479262219
177
179
-0.911492688879
177
178
0.573020597749
178
179
-0.130545386277
170
187
-0.24717654676
171
187
0.651402926744
172
188
-0.282697005494
173
187
0.949245008274
174
182
-0.583243293274
175
180
-0.0461251833839
176
187
-0.456742971916
179
183
-0.492489041772
180
182
0.989526170907
180
186
-0.45773076577
180
187
-0.39578945277
180
189
0.344928262317
181
182
-0.439107336244
181
183
-0.301013857902
182
183
0.0552746241892
182
187
-0.306242840172
183
184
0.588790862744
183
185
0.0137392939203
184
189
-0.0721919155796
184
185
0.675031955095
184
186
-0.404483802255
185
188
0.787812345496
185
186
0.80584954277
185
187
-0.418300222426
186
188
-0.491946419704
187
188
-0.519704801345
187
189
-0.637815770146
188
189
-0.429153672319
180
191
0.4637553025
183
195
-0.718319790652
184
198
0.0305990606554
185
192
-0.388181682203
188
193
-0.178977539987
189
192
-0.216736652111
190
191
0.250399052506
190
193
-0.991361839048
190
195
-0.999603698203
190
197
-0.754067361385
190
199
-0.923537648867
191
199
-0.372186480808
191
192
-0.313763207642
191
193
0.823632997068
191
197
0.613738583581
192
193
-0.148715237524
192
194
0.457675665831
192
195
-0.930690853495
193
195
-0.742010682443
194
195
0.673982251699
194
196
-0.0281706069897
195
198
0.793530406937
196
198
0.0988759939484
196
197
-0.218542470742
197
198
-0.426145830673
198
199
-0.989534259397
6
193
0.183165265727
9
194
0.466623516959
10
195
0.558539310736
10
196
0.461634028843
9
197
-0.217039860096
0
198
-0.51040484969
