154
5
12
14
15
16
17
7
5
12
13
14
16
17
18
5
5
6
7
8
9
6
0
5
6
8
9
13
5
1
2
4
9
12
5
1
3
4
5
20
7
0
1
4
5
9
12
20
8
0
4
5
6
9
12
13
20
8
0
5
6
9
12
13
20
193
10
0
5
9
12
13
14
16
18
20
193
7
10
20
21
25
27
29
36
8
10
13
20
21
25
27
28
36
10
10
12
13
20
21
23
25
28
34
36
6
10
11
14
16
18
23
5
0
10
16
18
19
5
23
24
26
28
33
6
14
21
22
23
24
34
9
14
18
21
23
24
28
33
34
40
6
23
30
34
36
37
46
5
34
35
36
38
46
5
30
31
38
39
49
7
28
30
31
32
33
34
46
10
28
30
31
33
34
36
38
45
46
49
6
41
43
44
45
49
53
5
44
53
54
56
59
6
33
40
46
47
48
49
7
38
40
41
42
44
47
59
11
33
38
40
41
44
45
46
47
49
56
59
11
33
38
40
41
44
45
46
49
53
56
59
11
30
33
38
40
41
45
46
49
53
56
59
13
28
30
33
34
36
38
40
45
46
49
53
56
59
12
16
23
28
30
33
34
36
40
46
53
56
59
5
46
51
52
53
56
4
50
51
57
59
5
51
55
57
58
59
7
51
53
55
56
58
59
68
8
40
51
53
56
58
59
64
68
9
40
46
51
53
56
59
64
68
69
5
61
63
64
65
77
5
60
62
64
69
75
7
61
62
64
65
69
72
75
8
61
64
65
68
69
72
75
77
8
59
64
65
68
69
72
75
77
4
66
67
68
77
6
64
67
68
69
77
80
6
70
72
74
75
77
89
5
71
75
76
78
87
7
71
72
73
77
78
79
89
9
69
71
72
73
75
77
78
89
90
10
69
70
71
72
75
77
78
87
89
90
10
69
70
72
75
77
78
80
87
89
90
5
82
85
86
87
93
5
77
80
81
83
100
6
70
82
83
84
85
87
8
70
77
80
82
83
85
87
100
9
70
77
80
82
85
87
92
93
100
10
70
75
77
80
85
87
89
92
93
100
4
91
92
93
100
4
87
88
89
98
5
90
92
94
98
100
5
140
141
144
148
149
8
130
140
141
143
144
146
148
160
5
142
145
146
147
148
8
135
141
142
143
145
146
148
151
9
135
140
141
142
143
146
148
151
160
7
143
146
148
152
153
154
167
6
140
153
154
156
157
160
5
150
151
155
158
159
6
151
155
156
158
159
168
7
151
154
155
156
159
164
168
7
151
153
154
155
156
164
168
5
164
165
166
167
168
5
160
161
167
169
172
6
161
163
164
165
168
172
8
156
160
161
164
165
167
168
172
6
151
160
162
164
165
174
3
181
182
183
5
174
180
182
183
187
5
174
176
177
178
179
6
172
174
176
177
179
187
5
171
172
175
177
180
7
170
171
172
173
177
180
187
7
170
172
173
177
179
180
187
7
172
173
174
177
179
180
187
7
160
172
173
174
179
180
187
8
160
168
172
174
179
180
183
187
6
180
184
187
188
189
192
5
180
184
185
186
188
7
180
183
184
185
187
188
192
7
180
183
184
187
188
192
198
8
172
180
183
187
188
192
193
198
4
190
191
198
199
6
190
191
193
195
197
198
7
180
191
192
193
195
197
198
5
10
194
196
197
198
7
9
10
192
194
195
197
198
8
9
10
180
192
193
195
197
198
8
9
10
180
183
192
193
195
198
9
9
10
172
180
183
187
192
193
198
9
0
9
10
172
180
183
187
193
198
11
0
9
10
160
168
172
174
180
183
187
193
10
0
9
10
160
165
168
172
174
180
193
11
0
9
10
151
160
164
165
168
172
174
193
12
0
9
10
151
156
160
164
165
167
168
172
193
12
0
9
10
151
153
154
156
160
164
167
168
193
11
0
9
10
140
151
153
154
156
160
167
193
13
0
9
10
140
143
146
148
151
153
154
160
167
193
12
0
9
10
140
141
143
146
148
151
153
160
193
12
0
9
10
135
140
141
143
146
148
151
160
193
12
0
9
10
130
135
140
141
143
146
148
160
193
5
131
135
136
138
143
5
134
137
138
139
146
7
130
131
133
134
138
139
146
9
120
130
131
133
134
135
138
143
146
5
124
126
127
128
134
7
124
130
131
132
133
135
148
5
121
122
123
124
133
6
120
121
123
124
125
133
6
120
121
127
128
129
133
8
120
121
124
125
127
128
131
133
9
114
120
124
125
127
128
131
133
135
11
114
120
124
127
128
130
131
133
134
135
148
12
114
120
127
128
130
131
133
134
135
143
146
148
11
114
120
127
128
130
131
135
141
143
146
148
5
99
100
101
102
114
5
93
95
96
98
109
5
92
96
97
98
99
8
90
92
93
96
98
99
100
109
9
90
92
93
98
99
100
102
109
114
5
102
106
107
108
110
4
103
104
105
110
6
102
104
105
109
110
117
7
102
105
106
108
109
110
117
8
100
102
106
108
109
110
112
117
9
98
100
102
108
109
110
112
114
117
6
100
110
116
117
118
119
6
110
111
112
113
119
130
6
113
114
115
116
117
128
9
110
112
113
114
116
117
119
128
130
10
100
110
112
114
116
117
119
120
128
130
10
100
102
110
112
114
117
119
120
128
130
12
98
100
102
109
110
112
114
117
120
127
128
130
13
90
92
93
98
100
102
109
110
114
120
127
128
130
15
90
92
93
98
100
114
120
127
128
130
135
141
143
146
148
15
0
9
10
90
92
93
98
100
130
135
141
143
146
148
193
11
0
9
10
87
89
90
92
93
98
100
193
14
0
9
10
70
75
77
80
87
89
90
92
93
100
193
13
0
9
10
69
70
72
75
77
80
87
89
90
193
13
0
9
10
59
64
68
69
70
72
75
77
80
193
10
0
9
10
56
59
64
68
69
70
193
12
0
9
10
40
46
53
56
59
64
68
69
193
15
0
9
10
16
23
28
33
34
36
40
46
53
56
59
193
14
0
9
10
14
16
18
21
23
28
33
34
36
40
193
15
0
9
10
12
13
14
16
18
20
21
23
28
34
36
193
