755
5
220
221
222
223
238
6
220
222
223
224
230
238
6
182
183
191
193
195
200
6
171
180
181
188
189
193
6
180
184
185
186
187
188
8
173
180
182
184
185
187
188
198
9
173
179
180
181
182
184
185
188
198
11
171
173
179
180
181
182
185
188
193
195
198
12
171
173
179
181
182
183
185
188
193
195
198
200
5
170
171
174
179
181
6
171
172
174
176
177
188
6
173
174
175
176
177
185
7
162
174
176
177
178
179
183
5
160
161
167
169
176
5
159
164
166
169
173
7
159
161
166
167
169
173
176
6
161
162
163
165
166
179
7
157
161
162
163
166
168
179
8
150
157
161
162
166
167
168
179
5
151
155
156
157
162
6
150
151
156
157
159
162
5
152
153
154
156
158
7
141
142
152
153
156
158
167
9
141
142
150
152
156
157
158
161
167
10
141
142
150
156
157
158
159
161
162
167
10
141
142
150
157
159
161
162
166
167
179
11
141
142
150
159
161
162
166
167
173
176
179
10
141
142
150
159
162
167
173
176
177
179
11
141
142
150
159
162
173
174
176
177
179
183
6
91
92
93
94
95
100
7
90
91
92
94
95
99
100
7
90
91
94
95
99
100
101
6
90
94
95
96
99
106
5
102
103
104
106
113
5
104
105
106
107
120
7
101
103
104
106
107
113
120
6
100
101
103
107
108
109
8
94
100
101
103
106
107
108
112
10
94
95
100
101
103
106
107
112
113
120
11
90
94
95
99
100
101
106
107
112
113
120
5
84
95
97
98
99
7
84
87
90
95
98
99
107
5
71
72
73
74
89
5
66
76
77
78
79
6
66
75
76
78
79
87
8
66
72
74
75
76
79
87
89
4
70
71
72
79
5
60
62
63
64
74
8
55
60
63
64
66
68
74
79
4
61
63
67
72
6
60
63
65
67
69
71
8
60
63
66
67
68
69
71
75
9
60
63
66
67
68
71
72
74
75
11
50
55
60
63
66
68
71
72
74
75
79
12
50
55
60
66
68
71
72
74
75
79
87
89
10
50
55
60
68
71
72
75
84
87
89
4
80
82
87
88
6
80
82
84
87
89
100
5
81
82
83
89
95
5
82
83
84
85
86
7
71
82
83
84
86
87
89
9
71
75
82
83
84
87
89
95
99
10
71
75
82
84
87
89
94
95
99
100
13
50
55
60
68
71
75
84
87
89
94
95
99
100
12
50
55
60
68
84
87
90
94
95
99
100
107
14
50
55
60
68
90
94
95
99
100
101
107
112
113
120
6
121
122
123
124
125
134
8
120
121
122
124
125
129
132
134
10
112
113
120
122
124
125
128
129
132
134
4
111
112
118
126
7
110
112
118
124
126
127
128
4
113
115
116
118
6
101
114
115
117
118
125
6
110
115
117
118
119
124
9
101
110
113
115
117
118
124
125
128
9
101
110
113
115
118
120
124
125
128
11
90
101
110
112
113
118
120
124
125
127
128
11
90
101
112
113
118
120
124
125
127
128
129
12
90
101
112
113
120
124
125
127
128
129
132
134
5
125
130
132
133
139
5
127
134
135
136
138
5
133
136
137
138
139
7
127
133
134
136
138
139
142
8
124
127
132
133
134
138
139
142
5
131
132
133
139
148
6
139
140
141
148
149
159
8
129
139
140
141
142
148
150
159
5
142
145
146
147
148
6
141
142
145
146
148
159
6
141
142
144
145
148
159
7
134
141
142
143
144
148
150
9
132
133
134
141
142
144
148
150
159
10
129
132
133
134
139
141
142
148
150
159
12
124
125
127
129
132
133
134
139
141
142
150
159
12
120
124
125
127
129
132
133
134
141
142
150
159
15
90
101
112
113
120
124
125
127
129
132
134
141
142
150
159
13
50
55
60
68
90
101
112
113
120
141
142
150
159
14
50
55
60
68
141
142
150
159
173
174
176
177
179
183
13
50
55
60
68
171
173
174
176
177
179
183
185
188
13
50
55
60
68
171
173
174
177
179
181
183
185
188
15
50
55
60
68
171
173
179
181
183
185
188
193
195
198
200
6
210
213
214
215
216
222
5
211
212
216
217
226
7
211
212
213
214
216
220
226
10
200
202
210
211
213
214
216
220
222
226
6
190
192
195
196
198
201
5
195
196
197
198
202
5
192
194
198
199
200
6
192
193
194
196
198
200
9
192
193
195
196
198
200
201
202
210
9
185
192
193
195
198
200
201
202
210
4
204
205
206
207
4
200
204
205
207
5
201
202
203
205
207
7
195
200
201
202
205
207
211
5
200
207
208
209
218
6
200
201
207
209
213
218
7
207
210
211
216
218
219
227
10
200
201
207
210
211
213
216
218
227
230
12
193
195
200
201
202
207
210
211
213
216
227
230
13
185
193
195
198
200
201
202
210
211
213
216
227
230
15
185
193
195
198
200
202
210
211
213
216
220
222
226
227
230
15
50
55
60
68
185
193
195
198
200
213
220
222
226
227
230
13
50
55
60
68
213
220
222
224
226
227
230
233
238
6
225
233
234
235
236
249
9
213
224
225
226
227
233
235
236
249
6
220
224
227
228
229
236
7
220
224
226
227
228
231
236
6
230
231
237
238
239
249
7
230
231
235
236
237
238
249
5
235
240
246
248
249
6
232
235
240
241
246
249
8
230
231
232
233
235
241
246
249
6
241
242
243
244
245
258
8
238
241
242
244
245
249
251
258
12
230
231
233
235
238
241
244
245
246
249
251
258
6
246
250
251
258
259
260
9
246
250
251
258
260
262
267
268
274
5
247
250
251
252
253
7
247
250
251
253
254
258
268
10
244
245
246
247
249
250
251
254
258
268
6
245
255
256
257
258
262
7
245
254
255
256
258
262
265
10
244
245
250
251
254
255
258
262
265
270
13
244
245
246
249
250
251
254
258
262
265
267
268
270
13
244
245
246
249
250
251
258
262
265
267
268
270
274
4
261
262
265
280
5
282
283
284
285
288
6
280
282
283
285
288
290
4
281
282
286
289
6
280
282
286
287
289
291
7
280
282
285
286
287
288
291
8
275
280
282
285
287
288
290
291
9
271
275
280
282
285
287
290
291
296
5
265
266
267
268
271
5
271
272
273
274
275
6
265
271
272
274
275
290
5
263
264
265
268
269
6
262
263
264
265
268
276
7
262
263
265
267
268
274
276
5
270
277
278
279
287
6
267
270
276
277
279
287
9
267
270
271
274
275
276
279
280
287
12
262
265
267
268
270
271
274
275
276
280
287
290
14
262
265
267
268
270
271
274
275
280
282
287
290
291
296
12
262
265
267
268
270
274
280
282
290
291
296
300
5
296
300
307
309
320
5
290
297
298
299
307
7
282
290
293
296
297
298
307
4
294
295
296
297
6
292
293
294
296
297
303
8
290
291
292
293
296
297
303
310
9
282
290
291
293
296
297
303
307
310
6
297
303
304
305
306
320
5
300
301
302
303
310
7
300
302
303
305
308
310
320
10
297
300
303
305
306
307
308
310
311
320
12
290
291
297
300
303
306
307
308
310
311
318
320
13
282
290
291
296
297
300
303
306
307
310
311
318
320
6
306
312
314
315
318
326
6
307
311
312
313
315
325
6
320
322
323
324
325
336
8
312
320
322
324
325
326
328
336
5
315
316
317
318
322
6
310
311
317
318
319
325
9
310
311
312
315
317
318
320
322
325
12
307
310
311
312
315
318
320
322
325
326
328
336
12
306
307
310
311
312
315
318
320
322
326
328
336
5
321
322
326
329
338
6
320
326
327
328
329
332
8
311
320
322
326
328
329
332
338
5
330
332
333
334
338
5
332
336
337
339
350
5
320
331
335
336
349
8
320
332
334
335
336
339
349
350
9
320
330
332
334
336
338
339
349
350
10
315
320
326
330
332
334
336
338
349
350
12
311
315
320
322
326
328
332
334
336
338
349
350
5
340
341
342
343
349
6
340
342
343
344
349
351
4
346
347
348
349
5
340
345
346
348
349
6
340
343
344
345
346
349
7
338
340
343
344
346
349
359
9
334
338
340
343
344
349
351
356
359
10
328
334
338
340
343
349
350
351
356
359
5
382
383
384
389
392
6
380
382
384
389
391
392
6
384
385
386
387
388
391
10
380
384
385
387
388
389
391
392
393
404
5
392
393
394
395
401
3
390
397
399
6
392
393
397
398
399
403
7
385
392
395
396
397
398
403
9
384
385
388
392
393
395
397
398
403
10
384
385
387
388
392
393
395
398
401
403
12
380
384
385
387
388
389
392
393
398
401
403
404
11
373
380
384
385
387
388
389
398
401
403
404
7
376
380
381
387
388
389
398
5
370
371
372
373
374
6
368
370
371
373
374
387
5
374
375
377
379
384
6
370
376
377
378
379
388
8
370
373
374
376
377
379
384
388
10
368
370
373
374
376
377
384
387
388
389
5
350
356
358
359
364
6
350
351
352
353
356
365
5
352
354
357
359
369
7
350
352
356
357
359
368
369
9
350
351
352
356
359
364
365
368
369
4
350
355
356
363
6
361
363
364
365
368
374
8
350
356
363
364
365
368
374
376
5
360
366
367
368
369
6
360
365
366
368
369
377
7
351
360
362
364
368
369
377
9
343
351
360
364
365
368
369
373
377
13
343
350
351
356
359
364
365
368
369
373
374
376
377
14
343
350
351
356
359
368
373
374
376
377
384
387
388
389
13
343
350
351
356
359
373
376
380
384
387
388
389
398
15
343
350
351
356
359
373
380
384
387
388
389
398
401
403
404
14
328
334
338
343
349
350
351
356
359
380
398
401
403
404
12
328
334
336
338
343
349
350
380
398
401
403
404
16
311
315
320
322
326
328
334
336
338
349
350
380
398
401
403
404
16
306
307
310
311
315
318
320
322
326
328
336
380
398
401
403
404
17
282
290
291
296
300
306
307
310
311
315
318
320
380
398
401
403
404
16
262
265
267
268
270
274
282
290
291
296
300
380
398
401
403
404
17
244
245
246
249
251
258
262
265
267
268
270
274
380
398
401
403
404
16
230
231
233
235
238
244
245
246
249
251
258
380
398
401
403
404
13
230
231
233
235
236
238
244
249
380
398
401
403
404
5
405
410
412
418
422
7
405
410
412
415
416
419
422
9
403
404
405
406
412
415
416
419
422
6
403
404
406
407
408
415
5
401
402
406
408
409
6
380
400
402
406
408
416
7
380
401
402
404
406
408
416
9
380
401
403
404
406
408
415
416
419
11
380
398
401
403
404
406
412
415
416
419
422
5
404
414
416
417
419
6
414
421
422
423
429
431
7
401
411
413
414
415
416
420
9
401
411
412
414
415
416
419
420
423
12
401
404
412
414
415
416
419
420
422
423
429
431
5
420
425
427
428
430
7
420
422
424
425
428
430
436
10
412
420
422
423
424
428
429
430
436
439
4
422
426
428
433
5
433
434
436
437
446
5
431
433
435
437
446
10
422
428
429
431
432
433
436
437
442
446
7
430
432
436
437
438
439
442
6
440
443
444
445
446
460
6
437
439
440
444
448
455
11
431
437
439
440
441
442
443
444
446
455
460
5
460
461
462
465
472
7
460
462
463
465
466
468
472
5
462
470
471
472
479
5
473
474
475
477
483
6
471
473
474
476
477
483
7
471
473
476
477
478
479
483
9
468
471
472
473
476
478
479
480
483
10
467
468
471
472
473
476
479
480
483
490
6
488
490
492
495
496
504
6
531
532
533
534
536
540
8
531
533
534
535
536
539
540
546
8
531
533
534
535
539
540
544
546
5
540
544
545
546
554
3
546
548
549
4
540
542
547
549
6
540
541
542
546
549
551
7
540
541
542
543
546
551
557
8
531
540
542
543
544
546
551
557
11
531
533
535
539
540
543
544
546
551
554
557
11
528
531
533
535
539
540
543
546
551
554
557
6
533
550
551
552
558
566
6
543
551
552
558
559
560
9
533
543
551
552
556
557
558
560
566
4
551
553
555
557
4
555
560
561
569
7
551
554
555
556
557
560
561
5
556
563
565
566
567
7
560
563
564
566
567
568
572
9
551
552
556
560
563
564
566
567
572
5
562
570
572
576
578
5
571
572
574
577
579
6
570
571
572
574
576
577
7
562
570
572
574
576
577
585
5
572
573
574
575
583
7
572
574
575
576
577
583
587
9
562
572
574
576
577
583
585
587
588
10
561
562
563
572
574
577
583
585
587
588
11
560
561
562
563
564
572
577
583
585
587
588
11
560
561
563
564
572
577
583
584
585
587
588
6
581
582
584
587
588
589
7
566
572
580
581
582
588
595
10
566
572
581
582
584
585
587
588
590
595
11
566
572
581
583
584
585
587
588
590
594
595
6
584
585
586
587
588
592
6
591
592
593
594
595
600
11
584
585
587
588
590
591
592
594
595
600
610
6
585
595
596
597
598
602
6
583
590
594
597
598
599
9
583
585
590
594
595
597
598
600
602
9
583
585
590
594
595
597
600
602
603
5
610
612
618
619
620
4
613
615
616
617
7
602
612
613
614
616
617
625
9
602
610
612
613
614
617
618
620
625
6
600
602
603
604
605
606
6
594
601
605
606
608
617
9
590
594
600
601
602
603
605
606
617
6
591
605
606
607
609
614
6
605
607
611
613
618
623
9
591
603
605
606
607
613
614
618
623
13
590
591
594
600
602
603
605
606
613
614
617
618
623
14
590
591
594
600
602
603
610
613
614
617
618
620
623
625
13
590
591
594
600
602
603
610
613
614
620
623
624
625
4
625
627
628
629
6
620
621
625
628
629
637
6
610
622
624
626
628
637
6
622
631
633
635
637
650
9
610
621
622
624
628
631
635
637
650
12
610
613
620
621
623
624
625
628
631
635
637
650
6
630
631
636
638
639
640
7
620
630
631
636
638
640
642
5
632
634
635
636
645
8
628
631
632
635
636
638
642
645
11
620
624
628
631
635
636
637
638
640
642
645
5
645
647
648
649
656
7
640
642
645
648
649
652
656
7
636
643
644
645
646
648
651
9
636
637
642
643
644
645
648
651
654
12
635
636
637
640
642
643
645
648
651
652
654
656
5
640
641
642
643
658
6
640
650
651
657
658
659
9
640
642
643
650
651
652
654
657
658
6
651
653
654
655
656
657
7
651
652
653
654
656
657
666
5
663
664
665
666
677
6
660
663
665
666
673
677
4
660
661
666
669
5
660
661
666
667
668
5
657
660
662
663
668
7
656
657
660
663
666
667
668
9
654
656
657
660
663
666
667
673
677
9
652
654
656
657
660
666
667
673
677
6
745
750
752
753
754
757
5
743
744
745
749
756
5
744
746
747
748
750
5
740
741
742
748
754
6
737
741
742
748
749
754
8
737
742
744
747
748
749
750
754
9
737
742
744
745
747
749
750
754
756
5
734
735
737
738
750
6
725
734
736
737
738
742
8
725
733
734
737
738
742
747
750
6
729
731
732
733
734
745
5
720
730
731
737
739
7
718
720
730
731
733
737
749
5
720
721
722
723
729
5
714
723
726
727
731
5
720
723
724
728
729
8
714
720
722
723
724
726
729
731
8
714
720
722
724
725
726
729
731
8
714
720
722
724
725
729
731
733
8
713
714
720
722
725
729
731
733
10
713
714
718
720
725
729
731
733
737
749
11
713
714
718
725
729
731
733
734
737
745
749
6
704
712
714
716
718
729
5
710
711
714
716
717
5
710
715
717
719
725
7
710
714
715
716
717
718
725
8
705
710
713
714
715
716
718
725
9
704
705
710
713
714
716
718
725
729
4
700
702
706
713
5
701
702
703
709
713
8
702
703
706
707
708
709
710
713
8
702
703
704
706
707
708
710
713
9
690
702
703
704
705
706
707
710
713
5
692
693
695
696
707
5
692
694
695
696
705
7
691
692
695
696
697
705
707
8
690
691
692
695
697
702
705
707
8
690
691
692
697
702
705
706
707
5
690
691
698
699
702
5
671
675
676
677
678
6
671
673
675
677
678
681
5
667
670
672
673
674
7
667
670
671
673
674
679
690
8
667
670
671
673
678
679
685
690
9
667
671
673
677
678
679
683
685
690
9
667
671
673
677
678
681
683
685
690
5
683
687
688
689
691
7
678
683
685
686
687
689
691
5
680
681
682
686
691
7
680
683
684
685
686
689
698
9
666
680
681
683
685
686
689
691
698
10
666
677
678
681
683
685
686
689
691
698
10
666
673
677
678
681
683
685
686
691
698
11
666
667
673
677
678
681
683
685
690
691
698
10
666
667
673
677
681
685
690
691
697
698
9
666
667
673
677
690
691
697
698
702
11
666
667
673
677
690
691
697
702
705
706
707
12
666
667
673
677
690
702
704
705
706
707
710
713
11
666
667
673
677
702
704
705
706
710
713
718
12
666
667
673
677
704
705
710
713
714
718
725
729
14
666
667
673
677
713
714
718
725
729
733
734
737
745
749
13
666
667
673
677
725
733
734
737
742
745
747
749
750
12
666
667
673
677
737
742
745
747
749
750
754
756
11
666
667
673
677
745
747
749
750
754
756
757
11
666
667
673
677
745
749
750
753
754
756
757
11
666
667
673
677
749
750
753
754
756
757
760
3
754
755
759
6
753
754
755
756
757
762
5
750
751
753
758
767
7
750
753
756
757
758
763
767
6
750
753
760
761
762
763
5
760
767
768
769
773
6
760
765
767
769
771
773
7
757
762
763
764
765
766
779
11
757
760
762
763
765
766
767
771
773
779
780
5
766
772
773
774
786
6
770
771
774
776
778
788
6
770
771
774
778
779
788
4
773
774
775
777
7
760
770
773
774
777
779
786
10
754
760
770
771
773
774
779
781
786
788
11
754
760
763
766
771
773
774
779
781
786
788
5
780
782
783
789
799
5
781
784
785
787
797
6
781
782
784
787
797
799
8
771
781
782
786
787
789
797
799
10
771
773
780
781
782
786
788
789
797
799
5
790
792
794
797
799
6
792
793
794
797
799
806
4
791
792
793
798
6
788
793
795
797
798
810
6
786
792
796
797
798
810
8
786
788
792
793
797
798
806
810
10
782
786
788
792
793
797
799
806
809
810
5
802
804
806
807
808
7
780
781
800
802
807
808
809
9
780
781
792
802
806
807
808
809
811
5
801
802
803
809
811
5
803
805
806
807
817
8
802
803
806
807
809
811
817
820
6
810
811
817
818
819
826
7
807
810
811
812
813
815
822
5
812
814
815
816
823
7
810
812
815
816
817
818
823
10
807
810
811
812
815
817
818
822
823
826
10
802
807
810
811
815
817
818
822
823
826
5
822
824
825
826
834
8
817
818
822
823
825
826
834
835
5
828
829
830
831
839
5
821
826
827
828
829
6
820
821
822
826
828
829
7
820
822
826
828
829
830
831
7
820
822
823
826
828
830
831
5
834
835
836
837
838
5
823
834
835
837
838
5
832
833
835
838
848
8
822
830
831
832
834
835
838
848
10
820
822
823
830
831
834
835
838
846
848
11
820
822
823
826
830
831
834
835
841
846
848
6
840
841
847
848
849
859
8
835
840
841
842
847
848
859
860
6
842
843
844
845
846
859
7
841
842
843
845
846
851
859
8
831
841
842
845
846
847
851
859
5
853
854
855
856
858
5
853
855
857
858
860
6
846
853
854
855
858
860
6
850
851
852
853
858
859
8
847
851
852
853
854
858
859
861
10
846
847
851
853
854
858
859
860
861
870
11
842
846
847
851
853
854
859
860
861
865
870
6
859
860
862
864
865
870
6
861
862
865
866
867
872
6
860
861
863
867
869
872
8
853
860
861
862
863
865
867
872
4
860
862
868
878
4
874
876
877
878
5
873
874
875
877
878
6
863
872
873
874
877
878
7
863
870
872
873
877
878
889
9
863
865
870
872
877
878
879
884
889
6
870
871
872
878
879
890
6
879
880
881
882
889
895
5
881
883
884
885
886
6
881
883
884
886
888
895
7
878
881
882
883
884
888
895
10
870
878
879
881
882
884
888
889
895
898
4
887
888
889
891
3
893
894
895
5
892
894
895
896
908
6
891
892
895
896
908
910
7
890
891
895
896
905
908
910
5
888
890
891
897
899
8
881
888
890
891
895
897
898
905
10
881
888
889
890
891
895
898
905
908
910
13
870
878
879
881
884
888
889
890
895
898
905
908
910
11
870
872
878
879
884
889
890
898
905
908
910
12
863
865
870
872
878
879
884
889
898
905
908
910
11
862
863
865
870
872
878
879
898
905
908
910
5
924
932
934
938
947
6
931
932
935
941
947
948
5
930
931
935
936
937
6
927
931
933
934
935
937
9
927
930
931
932
934
935
937
939
947
10
924
927
930
931
932
934
935
939
941
947
10
920
924
927
930
931
934
935
939
941
947
10
920
924
927
930
931
934
939
941
947
950
10
920
922
924
927
930
931
939
941
947
950
4
911
913
914
915
6
910
911
912
914
915
922
5
920
922
923
924
925
6
920
921
924
927
929
930
7
920
921
922
924
925
927
930
5
912
925
926
927
928
7
912
915
920
924
925
927
928
10
912
914
915
920
922
924
925
927
930
939
5
915
916
917
918
930
5
910
914
917
918
919
6
898
901
906
907
909
914
5
900
902
903
908
917
5
902
903
904
906
908
7
901
902
903
905
906
908
917
7
901
902
905
906
907
908
917
8
898
901
905
906
907
908
914
917
8
898
901
905
907
908
914
917
918
8
898
901
905
908
914
917
918
920
11
898
905
908
910
914
915
917
918
920
924
930
11
898
905
908
910
912
914
915
917
920
924
930
13
898
905
908
910
912
914
915
920
922
924
927
930
939
13
898
905
908
910
920
922
924
927
930
939
941
947
950
14
862
863
865
870
872
878
898
905
908
910
939
941
947
950
12
860
861
862
863
865
870
872
878
939
941
947
950
12
853
860
861
862
863
865
870
872
939
941
947
950
12
853
859
860
861
862
863
865
870
939
941
947
950
15
842
846
847
851
853
859
860
861
863
865
870
939
941
947
950
12
831
841
842
846
847
851
859
860
939
941
947
950
13
831
835
841
842
846
847
848
859
860
939
941
947
950
14
820
822
823
826
831
834
835
841
846
848
939
941
947
950
12
817
818
820
822
823
826
834
835
939
941
947
950
14
802
807
810
811
817
818
820
822
823
826
939
941
947
950
12
802
806
807
810
811
817
818
820
939
941
947
950
12
802
806
807
809
810
811
817
820
939
941
947
950
13
780
781
792
802
806
807
809
810
811
939
941
947
950
12
780
781
792
797
802
806
809
810
939
941
947
950
15
780
781
782
786
788
792
797
799
806
809
810
939
941
947
950
13
771
773
780
781
782
786
788
797
799
939
941
947
950
12
771
773
779
780
781
782
786
788
939
941
947
950
15
754
760
763
766
771
773
779
780
781
786
788
939
941
947
950
15
754
757
760
762
763
766
767
771
773
779
780
939
941
947
950
13
750
753
754
756
757
760
762
763
767
939
941
947
950
14
666
667
673
677
750
753
754
756
757
760
939
941
947
950
12
652
654
656
657
666
667
673
677
939
941
947
950
11
651
652
654
656
657
666
667
939
941
947
950
11
650
651
652
654
656
657
666
939
941
947
950
13
640
642
643
650
651
652
654
656
657
939
941
947
950
16
635
636
637
640
642
643
645
650
651
652
654
656
939
941
947
950
16
620
624
628
631
635
636
637
640
642
643
645
650
939
941
947
950
15
610
613
620
623
624
625
628
631
635
637
650
939
941
947
950
16
590
591
594
600
602
603
610
613
620
623
624
625
939
941
947
950
14
583
585
590
591
594
595
600
602
603
610
939
941
947
950
15
583
584
585
587
588
590
591
594
595
600
610
939
941
947
950
14
566
572
583
584
585
587
588
590
594
595
939
941
947
950
15
560
561
563
564
566
572
583
584
585
587
588
939
941
947
950
13
551
552
556
560
561
563
564
566
572
939
941
947
950
13
551
552
556
557
560
561
563
564
566
939
941
947
950
13
551
552
554
556
557
560
561
563
566
939
941
947
950
13
533
543
551
552
554
556
557
560
566
939
941
947
950
12
533
540
543
551
552
554
557
560
939
941
947
950
15
528
533
535
539
540
543
546
551
554
557
560
939
941
947
950
5
529
530
533
535
546
5
510
511
512
514
517
5
511
517
518
519
526
6
510
511
517
519
526
529
8
502
510
511
514
517
526
528
529
6
520
521
523
526
529
540
7
520
523
526
527
528
529
540
6
526
527
533
537
538
539
5
522
523
524
526
539
6
523
524
525
526
527
535
8
523
524
526
527
529
535
537
539
9
523
526
527
529
533
535
537
539
540
9
523
526
527
528
529
533
535
539
540
10
510
517
526
527
528
529
533
535
539
540
11
502
510
514
517
526
528
529
533
535
539
540
11
502
510
514
517
528
529
533
535
539
540
546
6
492
493
496
497
499
510
8
491
492
493
494
496
499
507
510
3
513
514
515
6
491
502
503
504
505
515
8
491
496
502
504
505
507
514
515
5
501
506
507
508
514
6
492
500
501
507
508
514
6
494
500
501
507
509
515
6
500
501
510
515
516
517
10
492
494
500
501
504
507
510
514
515
517
10
492
494
500
502
504
507
510
514
515
517
12
491
492
494
496
502
504
507
510
514
515
517
528
12
491
492
494
496
499
502
504
507
510
514
517
528
16
491
492
494
496
499
502
504
510
514
517
528
533
535
539
540
546
16
491
492
494
496
499
504
528
533
535
539
540
546
939
941
947
950
12
488
490
491
492
494
496
499
504
939
941
947
950
4
480
482
483
484
6
480
484
486
487
488
499
5
481
483
484
485
486
7
473
481
483
484
486
488
491
9
473
480
483
484
486
488
491
494
499
6
479
480
486
488
489
498
9
479
480
486
488
490
496
498
499
504
13
472
473
479
480
483
486
488
490
491
494
496
499
504
16
472
473
479
480
483
488
490
491
494
496
499
504
939
941
947
950
13
467
468
471
472
473
479
480
483
490
939
941
947
950
11
463
467
468
471
472
473
479
939
941
947
950
12
462
463
466
467
468
471
472
479
939
941
947
950
12
460
462
463
466
467
468
471
472
939
941
947
950
8
455
459
462
463
464
466
467
471
6
450
455
456
458
459
468
8
443
444
450
455
456
459
466
468
5
441
444
447
449
450
5
454
460
463
467
469
5
454
455
457
459
467
5
447
451
452
453
454
7
441
447
451
453
454
455
462
9
441
447
450
451
454
455
459
462
467
10
441
447
450
454
455
459
460
462
463
467
11
441
444
446
447
450
455
459
460
462
463
467
13
441
443
444
446
450
455
459
460
462
463
466
467
468
13
441
443
444
446
455
459
460
462
463
466
467
468
471
16
441
443
444
446
455
460
462
463
466
467
468
471
939
941
947
950
14
431
437
439
441
442
443
444
446
455
460
939
941
947
950
12
431
432
437
439
441
442
443
446
939
941
947
950
12
431
432
436
437
439
441
442
446
939
941
947
950
6
20
21
27
28
29
32
6
21
22
23
24
26
39
5
35
36
37
38
39
7
28
34
35
36
38
39
42
10
26
28
30
32
34
36
38
39
42
50
5
24
30
31
38
40
6
21
32
33
36
38
45
5
42
43
44
45
55
5
40
45
46
47
51
4
40
41
48
49
5
40
41
47
48
56
8
32
40
41
44
45
47
51
56
4
51
53
54
55
5
51
52
54
57
68
5
50
51
56
57
58
6
44
50
51
54
57
59
8
44
50
51
54
56
57
60
68
8
44
50
51
54
55
56
60
68
11
32
40
41
44
45
50
51
55
56
60
68
11
32
38
40
41
42
44
45
50
55
60
68
12
30
32
36
38
40
42
44
45
50
55
60
68
12
21
30
32
36
38
40
42
45
50
55
60
68
12
21
24
30
32
36
38
40
42
50
55
60
68
14
21
24
26
28
30
32
36
38
39
42
50
55
60
68
12
21
23
24
26
28
30
32
39
50
55
60
68
13
20
21
23
24
26
27
28
30
32
50
55
60
68
12
20
23
24
25
26
27
30
32
50
55
60
68
6
0
1
8
9
12
998
6
4
6
7
8
20
991
7
2
3
4
7
8
20
991
10
0
1
2
3
7
8
12
20
991
998
5
3
990
991
998
999
4
991
992
993
994
5
1
991
993
994
995
7
1
991
993
995
996
997
998
9
1
3
980
990
991
993
996
997
998
6
962
970
977
978
979
990
6
971
972
973
975
977
985
4
974
975
976
990
6
969
972
975
976
977
990
10
961
969
970
971
972
975
977
979
985
990
5
981
982
983
984
988
6
972
980
981
982
983
988
8
970
972
980
981
983
985
988
997
5
979
986
987
988
996
6
980
981
985
987
989
996
8
979
980
981
985
987
988
990
996
10
970
972
979
980
981
985
988
990
996
997
11
970
971
972
979
980
985
988
990
996
997
998
13
961
969
970
971
972
977
979
980
985
990
996
997
998
12
961
962
969
970
971
977
979
980
990
996
997
998
6
951
952
954
956
959
969
5
940
941
942
949
960
6
940
941
942
944
952
960
5
942
943
945
946
954
6
941
942
943
944
946
954
7
941
942
944
946
947
954
960
7
941
942
944
947
952
954
960
7
939
941
942
947
952
954
960
10
939
941
947
952
954
956
959
960
969
970
4
953
955
956
957
5
950
957
958
959
964
7
950
953
956
957
959
961
964
9
947
950
952
953
956
959
961
962
964
6
961
962
963
964
966
971
5
959
960
966
968
969
5
964
965
966
967
977
7
962
964
966
967
969
977
980
11
956
959
960
961
962
964
966
969
971
977
980
13
947
950
952
956
959
960
961
962
964
969
971
977
980
15
939
941
947
950
952
956
959
960
961
962
969
970
971
977
980
15
939
941
947
950
961
962
969
970
971
977
980
990
996
997
998
12
1
3
939
941
947
950
980
990
991
996
997
998
11
1
3
7
939
941
947
950
990
991
996
998
11
0
1
3
7
939
941
947
950
991
996
998
13
0
1
2
3
7
12
20
939
941
947
950
991
998
12
0
1
2
3
7
10
12
20
939
941
947
950
6
10
11
17
18
19
24
7
0
10
11
18
19
24
27
9
0
7
10
11
12
18
23
24
27
5
3
5
13
14
15
6
2
3
5
7
14
15
6
12
14
15
16
18
25
9
2
3
7
12
14
15
18
25
30
10
2
3
7
10
12
14
18
25
26
30
13
0
2
3
7
10
12
18
23
24
25
26
27
30
17
0
2
3
7
10
12
20
23
24
25
26
27
30
939
941
947
950
15
20
23
24
25
26
27
30
50
55
60
68
939
941
947
950
15
50
55
60
68
431
432
436
437
439
442
446
939
941
947
950
15
50
55
60
68
422
428
429
430
431
432
436
437
439
442
446
14
50
55
60
68
420
422
423
428
429
430
431
432
436
439
14
50
55
60
68
412
420
422
423
428
429
430
431
436
439
13
50
55
60
68
412
416
420
422
423
428
429
430
431
16
50
55
60
68
401
404
412
415
416
419
420
422
423
429
430
431
14
50
55
60
68
380
398
401
403
404
412
415
416
419
422
16
50
55
60
68
230
231
233
235
236
238
249
380
398
401
403
404
16
50
55
60
68
213
220
224
226
227
230
231
233
235
236
238
249
